2324
718
570
975
187
268
940
679
825
770
781
849
765
176
920
738
832
519
112
605
899
726
698
402
801
679
603
965
94
972
155
655
498
512
998
388
842
423
717
720
380
677
809
466
127
313
1000
180
600
852
269
541
356
361
326
566
615
26
17
433
423
951
504
813
398
355
142
367
406
148
644
704
619
454
787
513
464
768
514
390
720
972
380
886
337
588
761
172
141
878
573
965
308
701
480
110
852
697
939
289
967
42
896
513
384
80
793
520
652
458
687
932
994
735
709
876
632
242
335
320
349
145
417
630
844
485
73
444
998
367
974
467
363
605
706
70
306
44
559
410
661
31
272
612
519
9
351
14
585
294
882
857
943
142
875
787
702
132
53
933
576
17
657
515
555
942
644
465
842
566
789
506
363
845
978
338
723
656
570
734
850
793
376
107
252
30
842
743
497
948
849
44
753
576
886
235
960
876
533
784
392
896
388
604
516
239
305
394
658
744
534
123
755
468
477
128
296
391
607
873
805
619
162
564
569
832
313
324
247
50
715
202
153
809
512
365
508
416
86
155
412
264
563
88
346
339
724
186
217
945
763
528
885
843
795
101
364
137
398
227
986
777
217
508
938
436
942
809
806
234
186
896
668
789
426
821
515
194
826
726
223
640
316
457
310
139
216
413
752
326
973
979
284
705
719
806
612
815
351
310
945
244
826
812
524
152
694
794
197
198
601
845
498
605
525
900
173
332
914
946
421
762
443
769
771
408
958
782
785
823
922
297
935
215
80
636
804
594
232
76
481
767
725
988
732
478
858
343
516
749
621
830
608
171
464
636
238
822
277
192
188
847
91
59
470
36
6
818
829
681
417
334
307
331
232
119
315
865
627
642
540
460
283
911
357
361
676
400
404
629
858
108
725
544
598
949
49
39
515
539
756
16
410
348
495
74
183
826
526
919
86
5
570
475
106
87
843
926
151
145
848
466
777
593
528
864
933
800
111
926
108
251
297
148
997
563
339
219
665
951
756
507
302
925
907
587
40
264
893
564
252
281
411
863
876
249
973
679
873
686
349
35
386
328
339
853
846
653
600
747
120
699
175
972
872
563
533
845
314
281
580
815
565
590
536
585
392
781
699
915
929
32
612
481
462
845
890
277
830
996
108
306
857
173
124
418
273
307
396
372
830
984
616
202
913
722
467
56
897
702
338
542
212
321
153
145
593
119
932
444
1000
371
712
95
965
589
663
313
338
770
91
830
341
748
23
533
613
929
709
890
509
575
71
603
525
431
590
208
37
146
987
127
527
874
301
350
658
343
37
633
91
816
587
682
328
179
395
77
603
163
583
993
901
50
771
433
868
722
323
377
525
57
648
822
591
54
761
599
446
114
405
299
462
372
920
917
710
757
936
323
144
893
228
922
164
927
750
185
746
563
581
384
294
722
880
315
744
263
143
193
979
598
981
759
449
422
264
236
857
970
35
151
859
143
271
454
574
474
9
820
486
72
501
548
254
487
287
754
291
79
236
861
421
64
694
178
61
721
256
454
561
540
544
862
38
764
405
373
767
112
143
933
588
298
408
61
55
935
39
636
96
92
271
345
672
331
202
199
641
602
983
882
365
720
340
389
419
96
106
159
697
469
995
793
34
456
133
794
336
349
657
780
922
296
138
932
116
73
223
47
977
452
37
372
278
103
347
854
365
998
947
138
901
488
432
879
826
717
927
704
923
244
222
464
275
562
990
168
212
14
128
491
730
637
564
383
652
349
233
413
417
454
3
598
793
605
583
624
470
371
929
443
460
83
863
401
975
445
986
651
678
737
100
484
173
210
441
583
981
165
76
773
811
407
528
180
497
910
227
668
280
758
357
215
352
841
359
563
943
964
240
613
118
1000
1
1000
346
382
249
755
501
378
190
117
33
728
568
250
102
774
495
542
342
354
231
174
381
10
34
636
540
29
397
196
824
293
792
323
788
177
252
491
618
23
72
266
719
417
903
930
487
738
983
865
758
560
483
157
595
70
758
68
108
158
435
949
2
4
223
619
875
361
200
21
380
378
593
119
775
855
194
885
291
538
564
486
949
781
492
765
150
746
564
854
164
602
289
194
655
14
587
372
827
956
638
903
45
178
153
640
372
142
475
625
759
354
303
547
581
299
781
501
594
667
442
616
869
714
138
381
262
746
137
357
595
885
893
809
318
986
691
122
571
171
795
117
255
764
248
923
238
157
681
584
463
666
346
38
725
755
54
258
755
639
469
614
86
316
962
640
647
868
568
906
48
885
690
372
478
651
50
999
854
692
87
669
146
166
84
240
535
183
341
706
696
322
330
629
738
310
266
873
322
642
275
501
405
639
385
835
279
898
405
314
182
479
437
855
299
754
154
997
104
924
597
791
412
578
384
718
590
134
290
730
563
374
927
478
582
846
303
93
25
840
152
17
761
566
807
987
600
633
527
417
837
536
1000
255
771
60
559
380
10
573
281
970
168
489
732
38
487
385
633
131
255
913
840
581
214
587
242
637
210
668
466
810
26
754
190
750
365
661
897
525
740
594
650
362
207
174
285
226
29
563
327
22
405
979
802
157
600
533
606
21
380
766
72
899
237
207
22
197
384
868
597
687
488
847
62
632
405
449
312
278
575
874
167
868
909
18
751
772
348
175
522
951
326
718
296
560
655
285
741
759
724
157
226
512
160
295
25
351
898
159
519
447
816
591
133
889
549
649
759
229
791
643
803
35
991
269
197
617
246
12
727
818
548
367
32
590
24
503
18
346
402
19
441
685
754
510
622
908
28
779
322
813
781
6
95
33
509
599
918
66
34
74
684
590
483
732
325
800
649
388
733
187
425
40
837
461
848
620
402
17
30
972
729
292
868
674
807
138
768
825
183
868
909
61
225
802
585
888
570
599
463
909
861
581
859
496
155
950
687
157
217
497
994
973
526
717
10
373
775
319
794
27
858
98
119
523
222
519
255
157
228
324
585
112
186
463
820
769
727
37
533
390
83
416
440
635
782
930
870
802
186
756
113
716
453
449
618
409
186
432
32
610
285
689
489
904
353
534
291
664
324
906
60
967
526
649
412
255
233
969
772
238
604
260
360
202
170
626
457
328
63
593
52
786
483
622
262
208
199
412
791
105
809
67
364
811
461
460
292
608
106
959
617
848
483
494
545
49
601
243
201
908
858
303
758
531
338
892
686
496
3
250
105
944
275
443
446
168
346
667
48
327
571
700
599
819
378
905
252
99
667
468
952
340
81
3
74
569
680
189
39
662
932
177
114
116
684
356
894
248
340
573
279
369
446
572
391
925
883
114
869
443
704
91
684
562
662
525
35
314
361
552
823
946
765
559
195
208
838
648
214
946
144
991
13
744
734
73
55
869
788
818
562
185
532
387
256
983
657
591
36
408
49
447
997
185
832
707
489
306
903
703
625
791
862
840
170
137
399
860
463
108
287
580
358
4
312
477
629
249
160
620
169
82
823
293
489
608
204
81
968
35
734
891
26
445
227
443
815
466
707
824
398
798
88
393
854
926
965
294
75
678
611
651
690
143
192
974
247
528
224
260
180
926
828
699
679
734
573
294
204
736
321
823
583
878
772
130
760
870
176
486
46
814
123
66
232
176
339
169
122
3
158
890
735
959
726
701
554
976
301
604
698
751
918
174
577
445
492
865
730
667
997
777
223
264
480
665
860
650
944
423
892
418
449
836
316
498
920
674
496
60
734
651
494
363
855
369
966
712
193
113
499
676
791
150
563
46
617
425
585
160
412
404
947
548
390
158
752
960
670
557
88
605
210
717
813
145
812
855
587
130
533
300
288
644
621
702
6
914
922
163
285
107
648
202
110
686
131
548
682
999
760
399
664
547
664
383
827
517
329
15
662
379
864
197
408
986
761
280
108
394
499
286
497
232
656
437
348
714
356
666
630
945
747
269
835
557
46
130
518
281
992
582
48
43
664
445
340
773
146
567
48
841
393
367
608
385
163
596
437
451
557
465
783
587
799
938
370
849
797
756
242
99
338
309
631
711
284
630
185
13
217
461
917
192
223
468
518
381
714
929
229
492
522
851
22
363
499
895
994
460
555
359
403
646
443
673
994
8
58
107
75
515
337
216
904
485
695
8
206
198
905
60
276
972
532
585
33
31
504
579
788
334
454
317
805
169
142
54
404
256
80
523
806
737
248
869
83
742
288
53
86
74
566
461
316
244
757
477
817
632
671
433
339
414
342
373
355
911
516
994
444
118
208
540
641
925
729
357
638
693
309
51
603
128
576
495
867
761
464
560
898
736
612
11
851
346
151
8
7
180
657
189
903
136
152
230
947
509
87
883
545
199
407
962
633
532
890
708
108
517
120
536
563
70
532
367
441
222
590
545
772
825
52
131
664
65
630
7
29
178
204
598
310
759
278
192
916
456
447
50
677
321
766
271
589
133
438
958
695
715
88
269
518
968
734
681
864
489
782
751
361
310
908
618
464
336
411
921
7
828
293
357
181
55
931
256
566
10
452
180
301
620
415
655
591
251
453
780
540
14
3
212
828
527
764
839
86
902
534
479
790
752
494
733
254
567
356
499
943
549
7
633
869
908
855
804
168
882
514
490
588
452
68
181
47
642
135
460
394
510
846
441
972
13
759
993
160
328
230
720
60
261
757
177
486
309
135
288
332
628
112
458
70
318
914
868
829
684
338
928
404
28
691
109
656
321
131
616
76
600
762
148
530
816
385
106
474
9
44
617
418
571
496
462
370
769
331
405
66
972
563
394
905
248
343
645
918
859
936
903
760
707
95
845
538
268
800
536
900
308
837
481
523
803
674
170
52
142
263
996
121
958
517
92
939
57
884
631
10
760
729
508
726
701
504
96
52
211
654
956
358
795
996
854
955
684
373
8
141
100
632
875
288
98
706
388
932
462
154
386
785
982
101
938
206
27
313
931
7
971
401
818
309
530
897
195
26
639
686
349
326
477
969
685
46
753
252
478
231
10
242
720
698
699
986
593
14
339
451
798
221
840
372
550
851
741
765
172
78
968
689
203
86
105
961
329
200
594
205
710
258
775
985
258
524
982
705
830
144
226
820
225
201
417
367
98
889
812
73
765
949
455
471
362
596
118
439
40
266
685
403
39
403
866
93
169
241
247
250
786
646
293
971
214
521
893
870
220
263
110
754
47
753
706
104
265
694
205
812
187
421
656
631
256
566
857
911
229
24
126
797
285
310
809
246
208
333
633
287
251
68
949
647
964
730
244
441
505
923
543
858
107
943
682
27
180
900
562
363
